2 0.35703125 0.5703125 0.04140625 0.11640625
2 0.421875 0.5515625 0.03203125 0.1171875
2 0.49296875 0.50546875 0.03359375 0.10078125
2 0.52890625 0.5078125 0.028125 0.09453125
2 0.5703125 0.5015625 0.03515625 0.125
0 0.6046875 0.540625 0.00703125 0.0140625
2 0.6140625 0.4921875 0.03125 0.103125
2 0.91484375 0.52421875 0.01875 0.1234375
3 0.8984375 0.5234375 0.02265625 0.1296875
2 0.8390625 0.5015625 0.04765625 0.10234375
2 0.7921875 0.5859375 0.03515625 0.12890625
2 0.76484375 0.4875 0.05234375 0.1109375
2 0.7265625 0.52109375 0.05546875 0.1078125